29 27 14 28 19 13 38 26 16 19 24 12 20 17 21 28 12 31 21 37 17 34 32 21 11 32 11 37 28 39 26 23 29 34 34 19 21 11 
26 26 18 10 32 31 39 25 38 27 26 10 12 31 27 24 33 10 38 15 19 30 18 35 38 27 35 39 38 39 36 10 35 36 37 12 31 12 
13 32 35 10 11 36 24 14 20 33 11 20 10 30 28 10 11 27 23 18 27 10 26 20 17 13 33 28 17 32 12 13 14 25 33 32 32 21 
23 17 13 17 38 29 18 30 36 37 14 30 14 38 13 30 32 24 23 32 28 14 19 30 37 33 12 12 19 35 37 31 37 26 11 20 20 26 
11 20 26 38 36 17 16 15 25 36 25 39 32 12 36 10 11 29 18 12 17 12 30 26 38 30 22 35 33 29 22 27 24 26 18 28 25 14 
22 18 38 34 18 20 29 25 35 26 33 16 27 12 11 33 22 27 39 37 39 16 35 11 39 13 12 27 31 11 16 18 18 13 39 38 21 35 
19 15 32 39 21 37 13 30 16 13 35 12 23 15 38 38 25 14 13 13 16 19 12 33 38 36 16 35 13 17 28 33 33 29 12 31 30 12 
26 17 14 35 26 30 32 29 29 12 16 26 38 28 21 38 35 19 26 29 14 10 10 38 18 28 16 16 33 24 36 22 29 26 12 39 23 10 
33 28 34 12 26 34 21 15 31 11 21 31 36 27 15 18 11 37 32 10 11 21 18 28 13 25 28 18 19 39 24 36 26 27 22 36 35 34 
27 30 15 17 39 31 23 23 37 16 20 30 18 39 21 18 35 16 24 22 31 25 26 11 33 29 37 11 10 18 15 11 25 24 15 16 30 36 
29 24 23 10 30 35 28 34 10 18 35 36 33 15 31 25 11 19 10 12 21 19 15 25 24 34 15 20 37 23 38 28 28 36 23 21 26 38 
33 39 29 19 16 21 20 30 26 37 32 28 16 22 22 37 11 22 24 17 21 25 11 26 12 35 30 14 12 33 36 10 25 22 28 19 11 22 
